y1,y2,theta,phi
-5.416424274444580078e+00,3.553412914276123047e+00,9.311925801443895478e-01,1.652466492683413168e+00
-2.545366048812866211e+00,2.353391885757446289e+00,2.085951986838933347e+00,6.099039974104923267e+00
1.862191200256347656e+00,5.682184696197509766e+00,3.158266869990192571e+00,4.731075407404299327e+00
-6.402259826660156250e+00,1.201742172241210938e+00,2.057552938785677910e+00,1.381861996649015323e+00
4.169302463531494141e+00,1.906663298606872559e+00,1.060123681324946832e+00,3.164140768382634139e+00
8.711961746215820312e+00,4.335601627826690674e-01,4.186003101164114781e+00,2.424558224244254490e+00
-5.084462165832519531e+00,2.914922952651977539e+00,1.065379070866575351e+00,1.248724446624367657e+00
-2.639386653900146484e+00,-5.275618433952331543e-01,3.051610076251261017e+00,5.350449174724511536e+00
1.500147104263305664e+00,5.856227874755859375e+00,3.258850951576415245e+00,4.871707508841081946e+00
-1.659636497497558594e+00,-2.571220874786376953e+00,4.296330413449937602e+00,5.369431639002390177e+00
3.878133535385131836e+00,2.167414903640747070e+00,1.147675693736740721e+00,3.376960942078887307e+00
8.519466400146484375e+00,2.987416744232177734e+00,3.706831346702784025e+00,2.315815449416723126e+00
2.016146898269653320e+00,-1.616212725639343262e+00,5.797945001963035416e+00,5.007148913965945525e+00
-1.514230251312255859e+00,-7.706786632537841797e+00,4.110404581097514942e+00,1.810032565793384229e+00
-4.126142024993896484e+00,1.846025586128234863e+00,1.401236957959854479e+00,6.029095184188155709e-01
-7.437864303588867188e+00,-1.998606562614440918e+00,3.404893283858157371e+00,1.722963698327843352e+00
-2.863308429718017578e+00,1.542888402938842773e+00,1.410709531738642886e+00,1.621696334902198444e-01
2.374216794967651367e+00,6.950984477996826172e+00,4.131824371366533910e+00,4.738305195880288423e+00
-5.538039207458496094e-01,-8.007278442382812500e+00,4.416674104832837955e+00,1.978302902580934441e+00
4.241398334503173828e+00,1.911304950714111328e+00,1.068721517521439068e+00,3.091574804958944878e+00
-2.948139905929565430e+00,-4.385163307189941406e+00,4.316424983941156590e+00,2.386552968974632871e-01
-5.673327922821044922e+00,-1.482870936393737793e+00,2.897087575937414616e+00,6.991834286647661267e-01
-6.933894008398056030e-02,2.070969581604003906e+00,1.240881732454452768e+00,5.316468569893499030e+00
2.742533683776855469e+00,2.585971951484680176e-01,3.393364761198545687e-01,4.388198104827169210e+00
-2.370124101638793945e+00,-5.491252422332763672e+00,4.571561576447030539e+00,6.680970163639035064e-01
2.924682378768920898e+00,1.443307161331176758e+00,8.175700941839194602e-01,4.043200977730628587e+00
7.448475837707519531e+00,2.996220588684082031e+00,3.504889830957936159e+00,3.076805510409992284e+00
4.089395999908447266e+00,-5.080100059509277344e+00,6.147516213569956811e+00,2.356143027262577405e+00
-4.141522884368896484e+00,8.574063181877136230e-01,2.083966755686661010e+00,3.141734339903932138e-01
7.422449111938476562e+00,8.812829852104187012e-02,4.368999661959502845e+00,3.621643893188043251e+00
2.025906085968017578e+00,3.991454601287841797e+00,2.055522473554129537e+00,4.402132790264392526e+00
2.941196441650390625e+00,-5.294967174530029297e+00,1.521727983215173663e-01,1.886303886104414795e+00
-5.880148410797119141e+00,2.989307641983032227e+00,1.337853446901329457e+00,1.634510959912722106e+00
-4.672318458557128906e+00,1.069508671760559082e+00,1.890336237652279205e+00,6.068733296773504149e-01
-4.041875600814819336e-01,-3.164499044418334961e+00,5.129337052482124015e+00,5.807098735440949788e+00
-5.210457801818847656e+00,-1.736126422882080078e+00,2.960580524993918328e+00,4.759559104770257898e-01
3.883701801300048828e+00,-2.774899303913116455e-01,9.182297580460771491e-02,3.872353020510762356e+00
-2.676609992980957031e+00,2.067425727844238281e+00,1.915329856162789390e+00,6.179217447070085356e+00
4.447412014007568359e+00,-2.191541910171508789e+00,5.226945206690579937e+00,4.220187148485815776e+00
-4.260381221771240234e+00,-2.993375301361083984e+00,3.512806563262675486e+00,1.314209297738784810e-01
4.536771774291992188e+00,7.597380280494689941e-01,5.247624230378546972e-01,3.054278362112659462e+00
-9.056437611579895020e-01,-4.994502961635589600e-01,3.674137263418379984e-01,2.022750534028698033e-01
-6.682317256927490234e+00,3.936879932880401611e-01,2.403239787651872295e+00,1.370823794088156689e+00
2.155920982360839844e+00,5.939338207244873047e+00,3.336512097902775587e+00,4.695069342851458494e+00
8.808835744857788086e-01,-7.369748115539550781e+00,5.092310887327997193e+00,1.841105987568917079e+00
2.423497676849365234e+00,6.953543663024902344e+00,4.140164092424429398e+00,4.722251238585015720e+00
-5.459989070892333984e+00,-6.365090012550354004e-01,2.600861043219306445e+00,6.712635771083909075e-01
3.425186634063720703e+00,-5.723368167877197266e+00,5.959460722509809294e+00,2.124950373954392902e+00
-3.256282091140747070e+00,1.616790175437927246e+00,1.819953560324155895e+00,1.344069631051910130e-01
7.501958847045898438e+00,4.635131359100341797e+00,2.978925101072348980e+00,2.296610067909531150e+00
-3.521961212158203125e+00,-6.045021057128906250e+00,4.079788788967666058e+00,1.253883566830128471e+00
1.955211997032165527e+00,5.763293266296386719e+00,3.210224570240514108e+00,4.725498680414693453e+00
-2.305819511413574219e+00,-3.599764347076416016e+00,4.381118426797244503e+00,6.007227653787212240e+00
-4.437514781951904297e+00,-2.791016578674316406e+00,3.418677398833714243e+00,1.653691301157260984e-01
3.115841627120971680e+00,3.896521806716918945e+00,1.953440025814493497e+00,3.940977385100361996e+00
-5.088137388229370117e-01,7.501384615898132324e-01,7.202122927980657563e-01,5.750928053979573740e+00
7.764253139495849609e+00,3.354518651962280273e+00,3.444124412011506209e+00,2.754447949504044590e+00
-4.665964603424072266e+00,-5.174682140350341797e+00,3.856309376507117026e+00,1.207430458762727588e+00
-4.877389907836914062e+00,-3.199531316757202148e+00,3.467712717921641818e+00,4.370416454214327007e-01
3.401661396026611328e+00,4.108510494232177734e+00,2.059698110359190260e+00,3.885192293784867523e+00
-5.266026496887207031e+00,4.072829723358154297e+00,7.583137223378469960e-01,1.827298221979747561e+00
1.353946328163146973e+00,-5.119166374206542969e+00,6.278533200129261083e+00,1.023150986064737200e+00
2.100770473480224609e+00,-5.749745368957519531e+00,6.131013010528649332e+00,1.523474483731441120e+00
-5.083473682403564453e+00,1.949728727340698242e+00,1.504685708999652149e+00,9.710631216043773550e-01
-3.482980728149414062e+00,1.526596665382385254e+00,1.760778894595906197e+00,2.264482598122715962e-01
4.678428649902343750e+00,-5.658166483044624329e-02,1.544073547317624251e-01,3.268150963829136391e+00
-2.875033617019653320e+00,-1.610365629196166992e+00,3.474804780373920821e+00,5.530317292748076596e+00
-4.731853961944580078e+00,-2.477654695510864258e+00,3.274699994546912851e+00,2.543788807819034048e-01
-7.210932731628417969e+00,7.107621431350708008e-02,2.599449537310066560e+00,1.605357188337640961e+00
6.594142436981201172e+00,-1.212111234664916992e+00,4.895487734209877040e+00,3.704862821111110538e+00
-1.840809226036071777e+00,3.011984348297119141e+00,2.237016202726811009e+00,5.795819349745730875e+00
-1.394590258598327637e+00,3.250568866729736328e+00,2.229258494069345620e+00,5.650364331318973754e+00
2.230868339538574219e+00,1.526674985885620117e+00,8.422957371639380186e-01,4.374691184262909260e+00
2.564734697341918945e+00,2.086172342300415039e+00,1.061202041132613072e+00,4.163546141534964384e+00
-2.433899879455566406e+00,-6.803168296813964844e+00,4.159716059462962967e+00,1.391244626428973286e+00
3.753808438777923584e-01,6.416079401969909668e-02,3.398958299082991963e-01,5.398323130497514555e+00
8.064599990844726562e+00,1.299352169036865234e+00,4.101907046426630288e+00,3.075074604942301004e+00
-2.117630004882812500e+00,-4.702566623687744141e+00,4.631658846320874545e+00,2.678816616415204965e-01
3.837939977645874023e+00,-4.374103546142578125e+00,3.819449178197551475e-01,2.427642496543230166e+00
1.765769958496093750e+00,-5.237627029418945312e+00,1.126384073997743346e-01,1.226332596048830714e+00
1.230770707130432129e+00,-6.704398632049560547e+00,5.444800560358342700e+00,1.601776198099596815e+00
1.690627932548522949e+00,-5.138326168060302734e+00,1.388099710593195257e-01,1.172302460501750465e+00
5.295193791389465332e-01,-2.666523456573486328e+00,5.431585223758660597e+00,5.613466668735042298e+00
5.126110076904296875e+00,-6.136189699172973633e-01,6.179390930521462266e+00,3.108257102889138590e+00
2.250817775726318359e+00,6.851803779602050781e+00,4.041934810631488517e+00,4.765016683225598904e+00
7.228130817413330078e+00,3.382074594497680664e+00,3.346808491129531937e+00,3.049136355708005564e+00
7.074824810028076172e+00,-1.980228066444396973e+00,4.942429226850967083e+00,3.169060569331258126e+00
-6.577131152153015137e-01,5.297843813896179199e-01,6.665119787769694382e-01,5.873233242672435850e+00
3.051539063453674316e-01,-7.763866424560546875e+00,4.804971637305747834e+00,1.936714058552143181e+00
1.450853109359741211e+00,2.944546937942504883e+00,1.513069084351085225e+00,4.641409365035524814e+00
-5.905298233032226562e+00,1.626216918230056763e-01,2.384435524216091284e+00,9.694091999967586748e-01
2.822933912277221680e+00,6.213940620422363281e+00,3.591689867903532285e+00,4.434730741820463784e+00
-5.598383545875549316e-01,2.964897394180297852e+00,1.797929552884329318e+00,5.393070848555065133e+00
2.124782085418701172e+00,3.607257127761840820e+00,1.835165597211103394e+00,4.347468239336927276e+00
-6.915464878082275391e+00,-1.752433538436889648e+00,3.201983650136439152e+00,1.407241290344613871e+00
-8.020920753479003906e+00,5.487222075462341309e-01,2.731726649246330574e+00,2.209248451949282099e+00
4.989702224731445312e+00,-1.738392472267150879e+00,5.606127939465752164e+00,3.865582538946118252e+00
-6.049307346343994141e+00,2.517303228378295898e+00,1.551975677349335614e+00,1.561940464949284069e+00
7.424132347106933594e+00,4.043290138244628906e+00,3.144646595554842605e+00,2.632066276137044358e+00
3.868217945098876953e+00,-8.968682885169982910e-01,6.091115087055947619e+00,4.094484316909114519e+00
2.669245719909667969e+00,-5.604146480560302734e+00,6.273011046304581839e+00,1.760909702180201375e+00
3.054318428039550781e+00,-1.445163130760192871e+00,5.830788358682418071e+00,4.590662908064843784e+00
-2.987749814987182617e+00,-2.252603530883789062e+00,3.676031481074811147e+00,5.699089489961749244e+00
-5.195412635803222656e+00,4.099925160408020020e-01,2.215335764218403281e+00,6.682602485974515893e-01
1.339301943778991699e+00,-6.949040412902832031e+00,5.368208549871993363e+00,1.729210385572140796e+00
1.407185494899749756e-01,-5.449596405029296875e+00,5.549395883134262242e+00,8.039176473685910596e-01
-1.507159709930419922e+00,-3.815451383590698242e+00,4.735697087761704616e+00,6.036646116505532511e+00
-7.355000019073486328e+00,-1.076029911637306213e-01,2.677590448299087988e+00,1.666227987888370343e+00
-5.537068367004394531e+00,3.713999271392822266e+00,9.182215992455906584e-01,1.742465805596952189e+00
7.858776092529296875e+00,2.646244049072265625e+00,3.684343452799346164e+00,2.939098778349400032e+00
-8.306172490119934082e-01,-4.781156063079833984e+00,5.225617812010739271e+00,3.495576553072398673e-01
-4.139546871185302734e+00,-3.294193983078002930e+00,3.639573042509086864e+00,1.562579370184001837e-01
4.936367034912109375e+00,-4.005427062511444092e-01,6.267493334875419819e+00,3.173831759178231682e+00
8.001016616821289062e+00,-1.497234702110290527e+00,4.585780121837663259e+00,2.739682511920026098e+00
-6.403781414031982422e+00,2.861573457717895508e+00,1.568009671484255962e+00,1.838805527287893371e+00
-6.262798786163330078e+00,1.113885521888732910e+00,2.058948565850803547e+00,1.306955403658742298e+00
-3.151214838027954102e+00,-5.507186889648437500e+00,4.319881452772090569e+00,8.333702450190817457e-01
6.085293292999267578e+00,-1.709190368652343750e+00,5.189405768658414964e+00,3.699618537321858192e+00
7.255313396453857422e+00,-5.581914186477661133e-01,4.563596227483317058e+00,3.601320039658708172e+00
6.756817817687988281e+00,-1.612152457237243652e+00,4.966504741529101707e+00,3.427973845723922164e+00
4.818868637084960938e+00,-1.046503663063049316e+00,5.992120303037717477e+00,3.638290105245598927e+00
1.007021188735961914e+00,-5.252959251403808594e+00,6.048640342831276939e+00,9.455093628931382499e-01
-3.169132471084594727e+00,-2.405618429183959961e+00,3.662852203874142010e+00,5.810119460969269234e+00
4.086853504180908203e+00,4.031357288360595703e+00,2.080645743193612507e+00,3.567225056559926166e+00
5.210033893585205078e+00,-7.209396362304687500e-01,6.137809844142782190e+00,3.098575293834194166e+00
-5.128891944885253906e+00,4.650775432586669922e+00,6.522730333865585095e-01,2.221360673648876016e+00
9.839956760406494141e-01,-2.603135108947753906e+00,5.286668327981935533e+00,5.413976095167218006e+00
2.252048254013061523e+00,-8.064970970153808594e-01,6.229600958139148936e+00,4.817866753644081790e+00
5.163683414459228516e+00,4.968861579895019531e+00,2.936703480947322031e+00,3.688875320552420956e+00
-2.351397991180419922e+00,-4.826629161834716797e+00,4.564867339439791394e+00,3.383970032577546250e-01
1.522659778594970703e+00,5.815564632415771484e+00,3.233262660150801437e+00,4.848274368752291785e+00
3.984461069107055664e+00,4.013743877410888672e+00,2.055358082216139692e+00,3.602759062207804952e+00
-5.771836280822753906e+00,-6.823952198028564453e-01,2.622670783915179271e+00,7.925844660621812476e-01
-2.118388414382934570e+00,-3.993235588073730469e+00,4.533124927559250672e+00,6.160037249188757613e+00
-1.770074486732482910e+00,1.542720079421997070e+00,1.295956126353884130e+00,6.094883510544296890e+00
-1.443699836730957031e+00,-5.996393412351608276e-02,5.397547336441266275e-01,4.264244671335645775e-01
-6.492127418518066406e+00,3.501498222351074219e+00,1.411792976389532051e+00,2.101434963060264227e+00
-1.654813170433044434e+00,-3.704168558120727539e+00,4.650554273137404770e+00,5.983900384238339143e+00
4.521792888641357422e+00,-4.067286014556884766e+00,8.432086674142995342e-02,2.697240360057554298e+00
4.180016994476318359e+00,1.316618442535400391e+00,7.669767398890982024e-01,3.233026978666799334e+00
-7.474396705627441406e+00,-1.481355547904968262e+00,3.245749272252185680e+00,1.702749227352688743e+00
3.222229003906250000e+00,-2.513827562332153320e+00,4.795840366311230341e+00,4.629166719843521349e+00
3.543577909469604492e+00,1.177254691720008850e-01,2.494569051576846774e-01,3.938562384219594925e+00
-1.647286295890808105e+00,-3.511427879333496094e+00,4.612588404881119430e+00,5.901501442343771053e+00
-7.819757461547851562e+00,-3.194295763969421387e-01,2.857598292435253651e+00,1.938527466223913809e+00
-4.623764991760253906e+00,-4.469660282135009766e+00,3.840129696103266266e+00,8.317623026820273324e-01
-9.824474453926086426e-01,8.566477894783020020e-01,8.323753729635688936e-01,5.947758810414644159e+00
-2.561347782611846924e-01,-7.677808284759521484e+00,4.649436954708197511e+00,1.798245142027869559e+00
-4.131893634796142578e+00,-5.161212921142578125e+00,3.998521699160188625e+00,9.751865149008164257e-01
-1.835080146789550781e+00,1.894521713256835938e+00,1.497206144638595138e+00,5.996202853511809039e+00
6.319057941436767578e+00,-3.755296468734741211e+00,5.235289161662239898e+00,2.601215776372394206e+00
3.272487401962280273e+00,3.365576744079589844e+00,1.695433791728414352e+00,3.780294071549233248e+00
-4.193606376647949219e+00,-2.563450813293457031e+00,3.396781702670155667e+00,4.559853574497308576e-02
3.121491193771362305e+00,9.875484704971313477e-01,6.179053988045664081e-01,4.004872799346101964e+00
3.099960803985595703e+00,-2.198934316635131836e+00,5.244745595512125824e+00,4.669621048370094840e+00
4.696581959724426270e-01,-7.303620338439941406e+00,5.005492753837364361e+00,1.709798962272145229e+00
-8.723391890525817871e-01,-6.648826599121093750e+00,4.788559031307752178e+00,1.219390289986573839e+00
-6.163155555725097656e+00,-2.344650745391845703e+00,3.238175935819108897e+00,1.020725148414318051e+00
4.510139942169189453e+00,4.286614418029785156e+00,2.274669656907994497e+00,3.507917844593737566e+00
-7.599267959594726562e-01,1.986783742904663086e+00,1.328930572831453549e+00,5.581042294494872102e+00
6.643661022186279297e+00,1.011022925376892090e+00,4.153812672187898514e+00,4.254937683175842089e+00
-7.352234840393066406e+00,-4.586481750011444092e-01,2.785386433231133552e+00,1.652772408024098194e+00
3.493789911270141602e+00,-4.145950794219970703e+00,6.014799438404249132e-01,2.357286364470981166e+00
-6.211139678955078125e+00,-1.138674020767211914e+00,2.849716714168589515e+00,1.004107568603527900e+00
7.995622634887695312e+00,3.940332174301147461e+00,3.321097532597480750e+00,2.360696200592164562e+00
3.732506513595581055e+00,-5.798264503479003906e+00,5.752158272044919585e+00,2.229585944064478298e+00
4.061783313751220703e+00,-1.669231534004211426e+00,5.653403051023533799e+00,4.238183172559554457e+00
6.408540248870849609e+00,5.082834720611572266e+00,2.483880908176162361e+00,2.526788324303761879e+00
-1.481647133827209473e+00,2.623743772506713867e+00,1.835726049791118530e+00,5.745592474300361019e+00
-3.416162729263305664e+00,-4.921813488006591797e+00,4.225608254020245980e+00,6.047018567090138852e-01
7.616387009620666504e-01,3.055166721343994141e+00,1.624130192936515726e+00,4.877654999106282752e+00
3.845088958740234375e+00,8.314471840858459473e-01,5.454953018523194253e-01,3.564847953820198700e+00
-2.116920471191406250e+00,9.353705644607543945e-01,9.527724697297280665e-01,2.471631914673479424e-01
-4.439796924591064453e+00,-4.263515949249267578e+00,3.848255852117237641e+00,6.764835165315626897e-01
-6.832839965820312500e+00,3.213266849517822266e+00,1.613992326855299808e+00,2.163088244297779461e+00
-4.809119224548339844e+00,-6.089937686920166016e-01,2.598463340766509422e+00,3.290647163132118802e-01
-1.703706979751586914e+00,-5.629688262939453125e+00,4.775769041578632468e+00,7.134201590646012114e-01
-8.206571340560913086e-01,-6.439771652221679688e+00,4.877740951063417540e+00,1.130079973802294191e+00
-2.741624593734741211e+00,2.243419170379638672e+00,2.187395747922261879e+00,6.148961858177380613e+00
4.480141639709472656e+00,3.997586667537689209e-01,3.638214122264114558e-01,3.257833271026897570e+00
-5.403580665588378906e+00,3.745695352554321289e+00,8.708829342645548754e-01,1.721021517631710740e+00
-5.379632115364074707e-01,7.185418605804443359e-01,7.133321154142219234e-01,5.769811466225318597e+00
-1.748082756996154785e+00,2.254096984863281250e+00,1.681456504829783816e+00,5.881837710963404575e+00
-7.751447200775146484e+00,3.261668920516967773e+00,2.026853922604006542e+00,2.722465166090336286e+00
4.486521244049072266e+00,7.827304601669311523e-01,5.327934050108529274e-01,3.095678793608330093e+00
-1.979152679443359375e+00,-3.637950181961059570e+00,4.522345148145524796e+00,5.979525374832670437e+00
-4.822637081146240234e+00,1.920867800712585449e+00,1.484501752191434321e+00,8.816072832266519388e-01
-5.036505699157714844e+00,-3.313751935958862305e+00,3.485182207354427852e+00,5.443387295355722744e-01
7.831478118896484375e+00,1.473520517349243164e+00,4.045084556987658786e+00,3.242357578439989396e+00
1.614119052886962891e+00,6.643064498901367188e+00,3.828330103513551741e+00,5.030768723740879800e+00
4.263791084289550781e+00,5.326776981353759766e+00,2.877350266440909632e+00,3.962026806169005155e+00
2.262981653213500977e+00,-6.722280979156494141e+00,5.551535908312922096e+00,1.952551597909300884e+00
9.179996848106384277e-01,-5.338098049163818359e+00,5.969726568619818430e+00,9.450098198940064531e-01
-7.577076435089111328e+00,2.452887058258056641e+00,2.131443744894271131e+00,2.341604004543163864e+00
7.482215404510498047e+00,2.623461246490478516e+00,3.623837358943632569e+00,3.203180410590044769e+00
5.531400680541992188e+00,-1.275709629058837891e+00,5.892312589988433658e+00,3.190888004594345961e+00
-1.692258358001708984e+00,-3.621937990188598633e+00,4.620035606179796694e+00,5.950967477639784953e+00
-4.681397438049316406e+00,1.558286905288696289e+00,1.639872636228649982e+00,7.442958524787923746e-01
9.937202930450439453e-01,2.896927595138549805e+00,1.533969147317159942e+00,4.810283376088438700e+00
3.576827764511108398e+00,-2.300746202468872070e+00,5.113795233315729050e+00,4.530202051812279862e+00
6.484076976776123047e+00,4.597991943359375000e+00,2.690925017980039247e+00,2.784058685088772744e+00
-4.666273117065429688e+00,-4.531871318817138672e+00,3.838986356892567287e+00,8.743392771778275563e-01
-2.033144235610961914e+00,-5.137996673583984375e+00,4.687200481603229107e+00,4.711658333496098194e-01
1.783166646957397461e+00,3.118401467800140381e-01,7.901724096977653655e-01,2.510840219220849434e+00
7.638857841491699219e+00,-2.204967021942138672e+00,4.766822703661460991e+00,2.803123756140608602e+00
1.027525812387466431e-01,-7.380886077880859375e+00,4.885098962490763697e+00,1.690079390627650335e+00
3.137571811676025391e+00,1.764284372329711914e+00,9.402674863677913386e-01,3.890388261747445675e+00
-3.159746825695037842e-01,1.816065907478332520e+00,1.171436638897249694e+00,5.435661612842751289e+00
-7.272767424583435059e-01,-7.079297065734863281e+00,4.678667004801684293e+00,1.430145470684740294e+00
4.541826725006103516e+00,4.807889938354492188e+00,2.581003251712390423e+00,3.744392789879139372e+00
4.899761199951171875e+00,-1.712717652320861816e+00,5.625295435192290583e+00,3.887654522189748718e+00
4.831954002380371094e+00,-1.831189393997192383e+00,5.556256051481447855e+00,3.954310265338178976e+00
-8.196831941604614258e-01,-5.473578929901123047e+00,5.154290780775286684e+00,6.750170932861420114e-01
-5.796914100646972656e+00,4.101958751678466797e+00,9.189208819313638976e-01,1.998181324752875021e+00
1.156812548637390137e+00,-6.946942329406738281e+00,5.328384125893109058e+00,1.694260936524437211e+00
7.917008399963378906e-01,1.074572205543518066e+00,6.822970968550782223e-01,5.070545998736941229e+00
-1.549730449914932251e-02,-3.014526367187500000e+00,5.527293603386563170e+00,6.002509125620733244e+00
-4.555179119110107422e+00,1.542537450790405273e+00,1.645131451394229893e+00,6.996178782026634124e-01
4.632747173309326172e-01,3.628066539764404297e+00,1.967501520681250948e+00,4.949393505304883867e+00
5.150221824645996094e+00,-4.185688018798828125e+00,5.887630426325260125e+00,2.676506753614044332e+00
6.589698791503906250e-02,-6.336049556732177734e+00,5.214315841961459697e+00,1.198807124661326551e+00
-5.769283294677734375e+00,1.230639100074768066e+00,1.935132939962564524e+00,1.109558726289268771e+00
4.148784637451171875e+00,4.545464038848876953e+00,2.374379745364579630e+00,3.741290675603957450e+00
3.601985216140747070e+00,-1.539169669151306152e+00,5.745715689922642255e+00,4.397278341756350351e+00
-3.758469581604003906e+00,-4.413602352142333984e+00,4.035792740438374437e+00,4.876760956227174648e-01
3.343119025230407715e-01,-7.057173252105712891e+00,5.044802631146274585e+00,1.576066594544627941e+00
-7.223764061927795410e-01,1.228407025337219238e+00,9.552556331686220537e-01,5.732173373327236199e+00
6.093215465545654297e+00,3.366538286209106445e+00,3.393381396303258413e+00,3.886824901855246761e+00
5.355096817016601562e+00,-1.958312273025512695e+00,5.436789015079813936e+00,3.814000284408920471e+00
5.760821819305419922e+00,4.405978679656982422e+00,2.818598263793452574e+00,3.355390335391080114e+00
-2.672284364700317383e+00,-4.641246795654296875e+00,4.441534534858289973e+00,2.994558639135117550e-01
-6.877313137054443359e+00,3.987899780273437500e+00,1.415577820797808695e+00,2.551026014188797930e+00
-5.664062500000000000e+00,-5.006502270698547363e-01,2.568246725832938004e+00,7.705255879021232213e-01
-5.074935436248779297e+00,3.784518718719482422e+00,7.717042958501221239e-01,1.649024138454649346e+00
1.419743537902832031e+00,3.502390623092651367e+00,1.780540703239261280e+00,4.618182231796811088e+00
1.975407898426055908e-01,-3.758083581924438477e+00,5.896640629802126554e+00,1.585481927394740143e-01
1.670832186937332153e-01,-8.293644905090332031e+00,4.512317108907147656e+00,2.259904410530532815e+00
-2.845459878444671631e-01,-1.082140445709228516e+00,4.750455271451880374e-02,6.123658777937554198e+00
7.877620697021484375e+00,2.326249122619628906e+00,3.787393035695532539e+00,3.004716858233114962e+00
5.433383941650390625e+00,-1.800505995750427246e+00,5.569048037095136294e+00,3.683395883414818606e+00
1.890090465545654297e+00,5.476060390472412109e+00,3.029329258623343346e+00,4.683979939677710647e+00
4.038506031036376953e+00,4.843091011047363281e+00,2.540131643478684698e+00,3.888803051983480419e+00
-5.341069221496582031e+00,-1.694021701812744141e+00,2.946924370553305472e+00,5.362040956709168693e-01
2.913845539093017578e+00,-6.915877461433410645e-01,6.233110044166003227e+00,4.505993451742474676e+00
-5.707538723945617676e-01,-4.416915588080883026e-03,4.624999202968998468e-01,6.015665742628154788e+00
4.376860618591308594e+00,-1.464810013771057129e+00,5.777689716347357951e+00,4.033831158333685885e+00
-5.753449916839599609e+00,-1.354655027389526367e-01,2.470893124428057419e+00,8.584086276911164770e-01
7.141604900360107422e+00,2.376933813095092773e+00,3.661110648773497900e+00,3.513056530394022214e+00
-4.783954620361328125e+00,2.480023860931396484e+00,1.179775709787989735e+00,9.970792020911980469e-01
-7.045803070068359375e+00,2.616760730743408203e+00,1.868349109691929799e+00,2.085382117407312386e+00
3.680521965026855469e+00,3.659176826477050781e+00,1.843268998671725001e+00,3.650890137639196453e+00
5.135700702667236328e-01,-5.036259651184082031e+00,5.851023221092169990e+00,7.221065199756599995e-01
3.273421287536621094e+00,-7.745386362075805664e-01,6.175456112218768112e+00,4.355501356959839754e+00
3.262581110000610352e+00,3.333344221115112305e+00,1.680850111394315949e+00,3.782128626642290214e+00
4.603321552276611328e+00,4.029624462127685547e+00,2.148677894335491168e+00,3.328441549965623469e+00
-1.547850608825683594e+00,1.115733146667480469e+00,1.048376174941930916e+00,6.169050042487110197e+00
7.127902507781982422e+00,8.959510326385498047e-01,4.130017461630478337e+00,3.934789608601927391e+00
8.906595706939697266e-01,3.102719306945800781e+00,1.630689166373568311e+00,4.830162533985616236e+00
-4.253091335296630859e+00,3.176999986171722412e-01,2.315691354751157061e+00,2.002813699968492567e-01
-7.164155960083007812e+00,-8.027301430702209473e-01,2.891293144692204553e+00,1.531391355608578086e+00
4.744451999664306641e+00,-4.966166019439697266e+00,5.721586506417480678e+00,2.478085591199052029e+00
-3.090393781661987305e+00,-2.952864766120910645e-01,2.813176918950149208e+00,5.718537656076511766e+00
2.831137895584106445e+00,6.324522495269775391e-01,4.650160940771008722e-01,4.258492309602052828e+00
4.168916225433349609e+00,2.396693944931030273e+00,1.282022836326636162e+00,3.136453747028326688e+00
-8.904542326927185059e-01,-3.651438713073730469e+00,5.029963799411445002e+00,6.041334287659056557e+00
-3.941154956817626953e+00,-3.729781627655029297e+00,3.831919616920513860e+00,2.452301958188471132e-01
4.674685001373291016e+00,-1.036688685417175293e+00,5.999115610183525682e+00,3.706500606144087495e+00
6.984650611877441406e+00,2.663362503051757812e+00,3.567989962723299158e+00,3.508188480342510740e+00
2.198047876358032227e+00,-2.676931619644165039e+00,4.677781413950102163e+00,5.000191480473005434e+00
2.882827520370483398e+00,6.428507328033447266e+00,3.754825825968974407e+00,4.432926883277292340e+00
-2.617195129394531250e+00,-4.176599979400634766e+00,4.391762627007186559e+00,7.852265223838945929e-02
1.996759414672851562e+00,-1.555910348892211914e+00,5.837111680170965933e+00,5.007121134098567516e+00
7.622984409332275391e+00,3.727642059326171875e+00,3.299714371861917517e+00,2.675064349534163721e+00
8.811033964157104492e-01,-7.908833503723144531e+00,4.841738955273036993e+00,2.179918886730584759e+00
-2.822500705718994141e+00,-3.204618215560913086e+00,4.047150136443183222e+00,5.963116946163363963e+00
7.914185523986816406e+00,1.199995994567871094e+00,4.102297529701548484e+00,3.217972321464463992e+00
-6.296638488769531250e+00,4.115457057952880859e+00,1.152474630849614767e+00,2.293233173457795981e+00
5.072660446166992188e+00,-2.365443468093872070e+00,4.890673258054907713e+00,4.111995765080500576e+00
-5.344216823577880859e+00,3.926050186157226562e+00,8.127564706823005025e-01,1.776354366067047330e+00
2.188100576400756836e+00,6.535233020782470703e+00,3.794468465158859605e+00,4.744709173563248505e+00
7.466294765472412109e+00,-3.075679779052734375e+00,4.788335670614733530e+00,2.511372302162085735e+00
7.211338728666305542e-02,-1.549663901329040527e+00,6.132352644965117783e+00,5.924180327542774904e+00
-2.698214769363403320e+00,-5.513933897018432617e-01,3.035799495473509246e+00,5.391323963666668106e+00
2.624039649963378906e+00,1.581109046936035156e+00,8.655031308039681237e-01,4.176366468023429590e+00
4.351844310760498047e+00,-4.354422092437744141e+00,9.846998354598607284e-02,2.600773989425163801e+00
-7.431159496307373047e+00,8.668066859245300293e-01,2.432503981526088488e+00,1.878743999129102393e+00
7.756146907806396484e+00,3.302024364471435547e+00,3.457209441585762377e+00,2.777728310995533967e+00
-2.942542552947998047e+00,-2.092761039733886719e+00,3.637340398213730452e+00,5.639260372725106940e+00
3.733056306838989258e+00,1.578432470560073853e-01,2.615055520158317548e-01,3.822109431006935676e+00
-9.414743632078170776e-02,4.775091171264648438e+00,2.774256285322929561e+00,5.186261126198362881e+00
-4.456210434436798096e-01,5.897755622863769531e-01,6.551920054879970534e-01,5.752391361092091593e+00
-7.326743125915527344e+00,2.754145860671997070e+00,1.939964085647960301e+00,2.278716571121719880e+00
-5.346991539001464844e+00,-3.038769006729125977e+00,3.386615387493104645e+00,6.261564570765538740e-01
-4.981360912322998047e+00,-2.862488985061645508e+00,3.364243541289253070e+00,4.137331624641451544e-01
5.914850234985351562e+00,-1.967925548553466797e+00,5.354307989040619553e+00,3.592305525512152542e+00
-6.867976665496826172e+00,1.885296225547790527e+00,1.992802379992001383e+00,1.779289684012536066e+00
3.326498746871948242e+00,1.786491990089416504e+00,9.564860614146396545e-01,3.777492903115553524e+00
-3.957361221313476562e+00,-1.225587129592895508e+00,2.923466857350681014e+00,6.103484071588568760e+00
-4.976642131805419922e+00,2.888333201408386230e-01,2.255839888635627233e+00,5.488861612910703736e-01
2.998790502548217773e+00,4.453274250030517578e+00,2.287063056804206074e+00,4.144769836703623866e+00
2.913160562515258789e+00,-2.005010604858398438e+00,5.437826836852195811e+00,4.715293976024248934e+00
-5.316234111785888672e+00,2.598670482635498047e+00,1.276481208249665933e+00,1.241254927578270051e+00
-3.356455802917480469e+00,-3.290824174880981445e+00,3.879020767236586842e+00,6.177953743101585182e+00
1.528084874153137207e+00,-2.543210983276367188e+00,5.117817256642252843e+00,5.204604258586146059e+00
-6.714754104614257812e+00,-1.265355944633483887e+00,3.001992958055946126e+00,1.277156652961910721e+00
1.955692410469055176e+00,-2.732757568359375000e+00,4.694384926092130428e+00,5.078764754776529777e+00
4.348169326782226562e+00,-2.409063816070556641e+00,4.909208253482672646e+00,4.302870831140893415e+00
-3.329910516738891602e+00,-3.681151628494262695e+00,3.992797632543237718e+00,1.666845185412369965e-02
-3.433593988418579102e+00,1.637318253517150879e+00,1.517281049975868212e+00,2.924893762985418810e-01
1.717266440391540527e+00,3.922977447509765625e+00,2.014426587156996629e+00,4.492387130645394855e+00
3.757074356079101562e+00,-5.223896980285644531e+00,6.193805817207209685e+00,2.228555650766977259e+00
2.453896045684814453e+00,1.670249462127685547e+00,8.961418500243186758e-01,4.247235317893915507e+00
-3.244671225547790527e-01,-4.683659076690673828e+00,5.457413682188398063e+00,3.905694967573083987e-01
1.859451293945312500e+00,7.103514671325683594e+00,4.251966712033062201e+00,4.952649989437588829e+00
6.259499073028564453e+00,-3.098964691162109375e+00,5.435451537061214644e+00,2.930051027979074352e+00
6.237575054168701172e+00,-2.366356849670410156e+00,5.373296237734039416e+00,3.284980927015416885e+00
-1.279745437204837799e-02,3.880926847457885742e+00,2.216066347880077281e+00,5.096054818113170626e+00
2.425163507461547852e+00,6.401565074920654297e+00,3.714720241341471940e+00,4.622795968995780491e+00
3.982256412506103516e+00,-2.000062704086303711e+00,5.420095330522456401e+00,4.343488013656993552e+00
1.218162059783935547e+00,-5.664062023162841797e+00,5.956285390358590170e+00,1.137817112005266029e+00
1.890474259853363037e-01,-7.019624233245849609e+00,5.020485580723464736e+00,1.536972272046270405e+00
-3.458194062113761902e-02,-2.313167333602905273e+00,5.884217277280404446e+00,6.071923093234329549e+00
-6.795017242431640625e+00,-1.585054755210876465e+00,3.122233657053854028e+00,1.333939647465970157e+00
8.212518692016601562e+00,1.833498120307922363e+00,4.005552477479978890e+00,2.841672094509815505e+00
-1.985029339790344238e+00,1.448572397232055664e+00,1.264078563725078652e+00,6.195399694377761612e+00
4.507729530334472656e+00,3.507286787033081055e+00,1.876717998755472294e+00,3.127104708497224106e+00
-1.582802057266235352e+00,-8.005198478698730469e+00,3.969425415476119046e+00,2.022248216661881592e+00
-8.361041545867919922e-01,-7.942517757415771484e+00,4.327348411939453854e+00,1.932925061568564473e+00
-4.109315872192382812e+00,-4.045186042785644531e+00,3.875822411913018684e+00,4.495687776523455415e-01
7.713569641113281250e+00,-1.596955537796020508e+00,4.687366101938468255e+00,2.911779277423196532e+00
2.860083281993865967e-01,-2.889375686645507812e-01,2.294910681731195390e-01,5.513407777557759459e+00
2.370765209197998047e+00,-6.023059368133544922e+00,5.972194863885583516e+00,1.705710820070730493e+00
-2.268208980560302734e+00,1.068423509597778320e+00,1.014258997517433869e+00,2.313348205965711779e-01
2.879081964492797852e+00,-6.558840274810791016e+00,5.487362581003387696e+00,2.128331740150483320e+00
2.479003906250000000e+00,2.870848417282104492e+00,1.432301516185212620e+00,4.166746338814989237e+00
6.709993362426757812e+00,-2.660051584243774414e-01,4.581557503249783281e+00,4.094840554051793369e+00
5.388791084289550781e+00,-1.893350839614868164e+00,5.491713333477236780e+00,3.764665682176646655e+00
-9.669024944305419922e-01,-4.855530738830566406e+00,5.168920091765286884e+00,3.632910986350748050e-01
-7.432229042053222656e+00,3.573173046112060547e+00,1.780281912919852605e+00,2.673360762792385881e+00
7.010790824890136719e+00,-1.610747218132019043e+00,4.904752376742462339e+00,3.304879438645524914e+00
1.031572341918945312e+00,3.489479541778564453e+00,1.790089223830422460e+00,4.756331164981557613e+00
-4.613279998302459717e-01,-1.649680733680725098e+00,6.258960540689903596e+00,1.869555467531225090e-01
-4.148436546325683594e+00,-4.998238563537597656e+00,3.991343207899202383e+00,9.048242895399492003e-01
-9.632366895675659180e-02,-1.378695845603942871e+00,6.213007321786039761e+00,6.025811104520530037e+00
1.306492805480957031e+00,-1.752761244773864746e+00,5.794147379332797776e+00,5.258296337648832086e+00
5.557395935058593750e+00,-1.919529795646667480e+00,5.495048230982913395e+00,3.676502382876768227e+00
2.552003383636474609e+00,4.456987679004669189e-01,4.084781824313459819e-01,4.450522133416191295e+00
1.764816164970397949e+00,2.377712726593017578e+00,1.221317107392455359e+00,4.532768519728239021e+00
6.405878067016601562e+00,3.927564144134521484e+00,3.057447673192044135e+00,3.304371778617345878e+00
1.444142937660217285e+00,-5.315935134887695312e+00,6.222540835853357599e+00,1.100887331415749681e+00
8.727580308914184570e-01,-2.304990291595458984e+00,5.561633467230471695e+00,5.468387425937731194e+00
-5.336151599884033203e+00,4.219552993774414062e+00,7.356607433396130657e-01,1.908719107913483315e+00
1.743579268455505371e+00,-6.265867710113525391e+00,5.773262026234620592e+00,1.543474835174217352e+00
1.754384040832519531e+00,-2.102377414703369141e+00,5.463851760023287873e+00,5.118740863534370078e+00
-5.219913721084594727e-01,3.639546394348144531e+00,2.204502087209839090e+00,5.292455313872133971e+00
5.968815326690673828e+00,-1.731411457061767578e+00,5.218228040518233080e+00,3.742819922899649043e+00
2.597563505172729492e+00,1.272512555122375488e+00,7.513983890589417403e-01,4.229421424620332992e+00
-5.851769924163818359e+00,-2.981711149215698242e+00,3.389900792933577378e+00,9.388336957329995736e-01
1.772934794425964355e+00,-2.687871217727661133e+00,4.856979326197937930e+00,5.133960281876228215e+00
7.013523101806640625e+00,-1.909863233566284180e+00,4.948516474127578668e+00,3.213906200523622747e+00
5.049638748168945312e+00,-4.617423534393310547e+00,5.733253258486340265e+00,2.551134451529986524e+00
-7.812945842742919922e+00,2.063125133514404297e+00,2.338925888752983351e+00,2.413150822153707686e+00
-4.406937599182128906e+00,3.346800088882446289e+00,5.860053740094067765e-01,1.152950255957486236e+00
1.203271508216857910e+00,-5.390552043914794922e+00,6.083700083408354331e+00,1.043300948478715462e+00
-9.204080104827880859e-01,3.769476652145385742e+00,2.413878232697202808e+00,5.416206399258872928e+00
6.790857315063476562e+00,3.350414514541625977e+00,3.317936666829012893e+00,3.348035115808166928e+00
3.832552194595336914e+00,2.610179185867309570e+00,1.351685211475991411e+00,3.402672674649384277e+00
-6.534086704254150391e+00,-1.771519631147384644e-01,2.542078888778208867e+00,1.237423428699231831e+00
6.847858905792236328e+00,-2.412998437881469727e+00,5.116942780190600892e+00,3.078421097441894183e+00
6.549123764038085938e+00,6.749211549758911133e-01,4.270056298828851737e+00,4.342784541939932907e+00
-2.428878098726272583e-02,-5.420870304107666016e+00,5.487655871348231962e+00,7.606743219990890204e-01
-3.176909446716308594e+00,-1.248947143554687500e+00,3.183069091124977046e+00,5.691217778858645993e+00
4.337865352630615234e+00,5.357376575469970703e+00,2.913279307427682152e+00,3.953499229693987704e+00
7.209477424621582031e+00,1.510395884513854980e+00,3.952563448285763670e+00,3.752687478192191506e+00
-2.876443624496459961e+00,-4.868772029876708984e+00,4.399326144994859966e+00,4.318263022614066693e-01
5.632529735565185547e+00,-3.342328071594238281e+00,5.767165904031009482e+00,2.946847740350793998e+00
-5.080905914306640625e+00,-3.822910785675048828e+00,3.625899963548726568e+00,7.649514601116759183e-01
2.954895734786987305e+00,5.640185624361038208e-02,2.529267180530539449e-01,4.313421147617272133e+00
5.042346119880676270e-01,1.474475026130676270e+00,8.818349377295313651e-01,5.141431128712752319e+00
3.857014894485473633e+00,3.442907810211181641e+00,1.767415572971319238e+00,3.530784979222817643e+00
4.067239284515380859e+00,3.222413301467895508e+00,1.684986720816247230e+00,3.363352457833066023e+00
-1.683386087417602539e+00,-7.481216907501220703e+00,4.140472990370932749e+00,1.688383919249156984e+00
5.412902832031250000e+00,4.354653358459472656e+00,2.360919750387937111e+00,2.953289965070450940e+00
4.601542055606842041e-01,4.585500717163085938e+00,2.528798191016163877e+00,4.947080247428327304e+00
3.164330005645751953e+00,5.765777587890625000e+00,3.178705318467974106e+00,4.311482416362578896e+00
3.704234600067138672e+00,3.441827774047851562e+00,1.753236896223767882e+00,3.597301845222597105e+00
-4.729650497436523438e+00,2.799810409545898438e+00,9.969886025030151311e-01,1.065640534751842505e+00
-8.598471432924270630e-02,3.831411123275756836e+00,2.208131176242564830e+00,5.124260644227475403e+00
-5.307841300964355469e+00,-1.300047755241394043e+00,2.825939374601324605e+00,5.372370505261944151e-01
-2.062683820724487305e+00,3.004666328430175781e+00,2.372800104347088546e+00,5.852998064574461701e+00
4.186352193355560303e-01,-2.350619077682495117e+00,5.688253931882456982e+00,5.698848469326886601e+00
-3.080750942230224609e+00,2.835832536220550537e-01,2.625165693693177982e+00,5.852401110593619116e+00
-5.353275299072265625e+00,3.297834873199462891e+00,1.001232732359006450e+00,1.520994630769319400e+00
6.778531551361083984e+00,-2.793583154678344727e+00,5.190226129459619919e+00,2.923049145828848783e+00
2.576543092727661133e-01,-6.885792255401611328e+00,5.079294745687878532e+00,1.484972465734835323e+00
1.033472895622253418e+00,3.763204574584960938e+00,1.932412443208796127e+00,4.735846174690421684e+00
-3.793406009674072266e+00,-3.215832233428955078e+00,3.711184023120863262e+00,2.873174225505116530e-02
4.164516925811767578e+00,1.218034148216247559e+00,7.201623825372427401e-01,3.262810265538979237e+00
-1.579242229461669922e+00,3.433382511138916016e+00,2.467319361657344778e+00,5.684674725730737066e+00
1.603087782859802246e+00,6.573115348815917969e+00,3.772134992276344079e+00,5.021241633407067972e+00
7.100437164306640625e+00,4.415094375610351562e+00,2.923062423919100539e+00,2.605248001255853652e+00
3.464537858963012695e-01,-4.263824462890625000e+00,5.961688968579303527e+00,3.709548990213299979e-01
-2.406224608421325684e-01,-3.368030309677124023e+00,5.388960567068743934e+00,6.086548513664243210e+00
-6.323546886444091797e+00,-2.032736092805862427e-01,2.523918022719585874e+00,1.123677791016732597e+00
-8.023645401000976562e+00,-1.047413229942321777e+00,3.184027380143980235e+00,2.073787879592165151e+00
2.565198242664337158e-01,-1.096978425979614258e+00,6.239576095243638321e+00,5.725847146054372061e+00
4.444523334503173828e+00,2.072484493255615234e-01,2.822089247941358958e-01,3.357140728104255345e+00
6.905427932739257812e+00,3.683608770370483398e+00,3.194900810867252972e+00,3.117547502038726215e+00
-5.175364017486572266e+00,-4.071573257446289062e+00,3.669453731202680036e+00,9.181581194472204777e-01
2.084608227014541626e-01,-2.710975408554077148e+00,5.557345376403289627e+00,5.809138714114042479e+00
-5.778216838836669922e+00,-2.095162868499755859e+00,3.099784780473902490e+00,7.744927380414295959e-01
5.722083568572998047e+00,4.484918117523193359e+00,2.575637175135585544e+00,3.070908868306580608e+00
-5.513431072235107422e+00,1.912036776542663574e+00,1.607242483620535900e+00,1.132928438190209608e+00
4.584879398345947266e+00,1.069624066352844238e+00,6.599344990246510667e-01,2.890825213084162737e+00
3.051977396011352539e+00,5.220446586608886719e+00,2.757044662654359879e+00,4.316585456685793076e+00
-2.973677963018417358e-02,5.371885895729064941e-01,5.745995401877415087e-01,5.543555835287751421e+00
-3.846094608306884766e-01,-4.945139884948730469e+00,5.406160758804559485e+00,4.878079482127342659e-01
-6.294113636016845703e+00,1.865108162164688110e-01,2.416197289987641383e+00,1.156954040329832178e+00
6.046464443206787109e+00,4.110442638397216797e+00,3.000648483972737868e+00,3.447285669845564282e+00
7.562824726104736328e+00,4.884046912193298340e-01,4.253217736143274585e+00,3.574422560617290578e+00
6.154627799987792969e+00,-2.184152841567993164e+00,5.358085915119378484e+00,3.401495102457738451e+00
-5.508450508117675781e+00,4.557705402374267578e+00,7.334863792411026040e-01,2.183287161736579662e+00
7.492435932159423828e+00,-1.742044925689697266e+00,4.778760905093738742e+00,3.018538840300368342e+00
-8.041702270507812500e+00,-1.684197306632995605e+00,3.413251652153991067e+00,2.097445042257018777e+00
-1.370067596435546875e+00,2.332338809967041016e+00,1.649717101802758989e+00,5.756812089255613607e+00
-6.623294830322265625e+00,3.129401683807373047e+00,1.566269943687472743e+00,2.030275978540769355e+00
-5.508474349975585938e+00,-4.889363348484039307e-01,2.562650372111974661e+00,7.095722563440711728e-01
6.165108680725097656e+00,-2.862656354904174805e+00,5.479852250907832456e+00,3.054855702448191046e+00
-2.957661867141723633e+00,-1.561000108718872070e+00,3.413618249909649016e+00,5.571340936014096634e+00
7.109740257263183594e+00,8.141518235206604004e-01,4.154317588355168844e+00,3.954401398384870259e+00
-5.383442878723144531e+00,9.491094946861267090e-01,1.994983236775498492e+00,8.681388115810327877e-01
-5.782064795494079590e-01,-7.574540138244628906e+00,4.563381998503196257e+00,1.712911350159107116e+00
-4.352985695004463196e-02,4.350342273712158203e+00,2.488973079308224090e+00,5.093377568564198654e+00
-7.082629799842834473e-01,4.014186859130859375e+00,2.485350591172259982e+00,5.327483253763671378e+00
-6.099140644073486328e+00,3.529406547546386719e+00,1.243225184334335376e+00,1.919760511971427608e+00
-1.244318559765815735e-01,-6.490589141845703125e+00,5.103666011240952649e+00,1.237089505002076928e+00
4.770779609680175781e+00,3.839341878890991211e+00,2.062773616114658815e+00,3.109442962812845046e+00
-4.165636062622070312e+00,-2.658325910568237305e+00,3.432346633365295219e+00,4.854873107777486069e-02
-8.949508666992187500e-01,-5.920162200927734375e+00,5.019147324028303103e+00,8.858247004571552230e-01
2.157501220703125000e+00,2.399762392044067383e+00,1.217298160240618543e+00,4.347263264804216654e+00
1.483548283576965332e+00,2.279112339019775391e+00,1.190831216940445136e+00,4.662937386374712112e+00
1.577548265457153320e+00,3.204862833023071289e+00,1.630867477216708439e+00,4.578411802912927264e+00
3.686871767044067383e+00,-5.484650135040283203e+00,6.024053550818987190e+00,2.194533273846773103e+00
3.924479246139526367e+00,5.559041500091552734e+00,3.024188767010964618e+00,4.061348101528985843e+00
7.820160865783691406e+00,-1.298177093267440796e-01,4.371807105150442574e+00,3.233123008784297703e+00
-5.030212402343750000e+00,1.810073018074035645e+00,1.554100778685053585e+00,9.195063108985468414e-01
-8.123232126235961914e-01,-3.247142314910888672e+00,4.927726827637715523e+00,5.750587264234606089e+00
-8.687275052070617676e-01,-4.451620578765869141e-01,3.748451842996478045e-01,1.474570543692129976e-01
-6.908171653747558594e+00,-2.162232063710689545e-02,2.564188003482910094e+00,1.441838810994246378e+00
-5.087034702301025391e+00,-2.386138439178466797e+00,3.196058694383606458e+00,4.093545613313448461e-01
